1 0.226102134632 0.000298062369422
2 0.207033821468 0.000272235859053
3 0.196728832945 0.000236480546229
4 0.190016419636 0.000211069154337
5 0.185509353305 0.000192158804981
6 0.182006743758 0.000184047909947
7 0.179331613087 0.000172728143359
8 0.177158189407 0.000178075363517
9 0.175424270027 0.000181811159112
10 0.174043527326 0.000190352735658
11 0.17321320492 0.000193279228193
12 0.172422462778 0.000193669571378
13 0.171615620635 0.000198030105584
14 0.170855114899 0.00020244509182
15 0.170284713669 0.000208713431678
16 0.169809301791 0.000216237739777
17 0.169247657572 0.000236574202477
18 0.168948690816 0.000267608307776
19 0.168851275537 0.000283941985739
20 0.168654356658 0.000328011544244
21 0.167953569056 0.000382325867419
22 0.167805925256 0.000460438358379
23 0.167839744416 0.000602427957859
24 0.166555997636 0.000828737057197
25 0.165780351449 0.00129057720799
26 0.171402347736 0.00198554547573
