1 0.866542110507 0.000242541498524
2 0.741926946411 0.000322882065294
3 0.621374239988 0.000358938219385
4 0.513137346755 0.000412435824285
5 0.424791782911 0.000444592503233
6 0.35808419178 0.000420331833442
7 0.309940848626 0.000395405287473
8 0.275483165468 0.000379205581063
9 0.250589336239 0.000350806012735
10 0.232174601052 0.000329608886805
11 0.218437933075 0.00032220441119
12 0.208087579063 0.000322432850634
13 0.200186063948 0.000307061111116
14 0.194091507371 0.000305525163633
15 0.189354590069 0.000307711593643
16 0.185696272087 0.00031788746264
17 0.182827932614 0.000321343559143
18 0.180514689625 0.000339224414518
19 0.178626120641 0.000354615072219
20 0.177069999807 0.000374624347136
21 0.175779499963 0.000397463650251
22 0.17473507018 0.000432540842377
23 0.173908148156 0.000474259611527
24 0.173213509047 0.000518483626691
25 0.172613828334 0.000586701108699
26 0.172152904306 0.000675612819721
27 0.17165257448 0.00080465741549
28 0.170949400653 0.00107937600783
29 0.170096632055 0.00149399754013
30 0.177502527769 0.00208695227774
