1 0.588276749702 0.000787021033211
2 0.55144846101 0.000824326885843
3 0.534807818884 0.000814250608756
4 0.524770233665 0.000659712858189
5 0.52106109604 0.000694272054881
6 0.515795020324 0.000661868978958
7 0.511814989412 0.000657439573454
8 0.507745391845 0.00071767513323
9 0.506151006121 0.000680777422029
10 0.508155883177 0.000664917841821
11 0.508717241966 0.000668470815038
12 0.507328924615 0.00067188882751
13 0.50796129953 0.000623979150608
14 0.507061946128 0.000716759532606
15 0.507058112798 0.000714538326893
16 0.505233807535 0.000673284285192
17 0.503779010345 0.000586355399396
18 0.505146391243 0.0006058415458
19 0.504144789653 0.000652738878196
20 0.503940715725 0.000705673257006
21 0.503877450499 0.000863299674824
22 0.50536259489 0.00130337059079
