1 0.409606926295 0.000559940015154
2 0.378355863835 0.00046593819098
3 0.361702013251 0.000430443021096
4 0.353289484755 0.000477361646508
5 0.347797909655 0.000471570970404
6 0.343442725307 0.000437068591302
7 0.341302124994 0.000420547057277
8 0.339018693468 0.000381279478793
9 0.337732436281 0.000377004871506
10 0.336646704106 0.000419807922057
11 0.335325044797 0.000433167740591
12 0.335387099684 0.000462487084911
13 0.333836042871 0.000453793030533
14 0.331786871188 0.000407875365779
15 0.330727072511 0.000399479876078
16 0.331467808837 0.000430846787184
17 0.331148574309 0.000425858850339
18 0.331243252655 0.0003945630086
19 0.330708827127 0.000358650584597
20 0.33032519162 0.000389089568699
21 0.330133591747 0.00045567888329
22 0.330250791477 0.000446711611813
23 0.330329767177 0.0004564184948
24 0.33069195601 0.000465306050888
25 0.329110708887 0.00048430013342
26 0.328711358291 0.000556009692448
27 0.329088636496 0.000671415678475
28 0.328605906848 0.000854452235979
29 0.325737152623 0.00122794561672
30 0.327826420572 0.00199921126607
