1 0.929909477724 0.000175584745168
2 0.832935803178 0.000252005603752
3 0.743652984196 0.000312486070836
4 0.664581587183 0.000373118904126
5 0.598303056664 0.000367941407495
6 0.544513572743 0.000372325429412
7 0.501924831415 0.000358608530555
8 0.468684092049 0.00036518415549
9 0.443117886751 0.00038972705922
10 0.423015565038 0.000387129615343
11 0.407244428672 0.000394102066557
12 0.394784893605 0.000415276026431
13 0.384689274375 0.000437302166788
14 0.376274242261 0.000466287499196
15 0.369186930326 0.000482641677128
16 0.363371084023 0.000497854021389
17 0.358618762237 0.000519859301303
18 0.354605551665 0.000542323922452
19 0.351115055368 0.000557983224151
20 0.348059064251 0.000569301393916
21 0.345388544324 0.000572098575065
22 0.343264967271 0.000583295961341
23 0.341686341332 0.00059075801336
24 0.340391682954 0.000617718460676
25 0.33939237009 0.000672833057226
26 0.338786307687 0.000743030484599
27 0.338508482313 0.000875569944487
28 0.338203509787 0.0010907483487
29 0.337852012594 0.00150737341724
30 0.337709843174 0.00220220009622
