1 0.968321571974 0.000136197576295
2 0.883986732572 0.000165456807296
3 0.809931319501 0.000216923933247
4 0.747921852327 0.000246757061885
5 0.697548042152 0.000249708494922
6 0.657193529751 0.000289938136185
7 0.625647575733 0.00032318234329
8 0.601598393083 0.00032569170432
9 0.583209244134 0.000335912158725
10 0.568893753082 0.000352533522659
11 0.557787218526 0.000364853613222
12 0.549095671788 0.000380695102795
13 0.542158699147 0.000404007802038
14 0.536593652114 0.000438478108267
15 0.531915712888 0.000470823324286
16 0.527937936003 0.000499015944327
17 0.524828795798 0.000514187060066
18 0.522305309695 0.000555212494222
19 0.520240058654 0.000565258106599
20 0.518557851047 0.000584737979075
21 0.516999543936 0.000594920811038
22 0.515746600675 0.000604235822139
23 0.51455557646 0.000615280017154
24 0.513421055183 0.000626963978672
25 0.512458625829 0.000627807803073
26 0.511547656427 0.000632052597854
27 0.510913191184 0.00062984856882
28 0.510456746186 0.000635756173428
29 0.509996881232 0.00063747469575
30 0.509640175685 0.000645216801528
31 0.509228647131 0.000668367685228
32 0.508899825933 0.000672951087741
33 0.508712202513 0.000663750247096
34 0.508543795738 0.000681866329817
35 0.508345261134 0.000693861351189
36 0.508114899059 0.0006949135824
37 0.507761311928 0.000701308845228
38 0.507424483341 0.000701300676402
39 0.50721194699 0.000717651672344
40 0.506958990383 0.000717249145475
41 0.506811585875 0.000725117394625
42 0.506681895795 0.000740283752407
43 0.506506546898 0.000746923545879
44 0.5064856227 0.000758761859923
45 0.506433873436 0.000771019607965
46 0.506383120391 0.000790540464054
47 0.506376094264 0.000793618011887
48 0.506352604428 0.000802672301106
49 0.50632499962 0.000817532044148
50 0.506333656483 0.000842649413225
51 0.506338085238 0.000824805330608
52 0.506352624508 0.000831387188406
53 0.506315686213 0.000847090633661
54 0.506304915117 0.00084490932881
55 0.506273607426 0.000832686310127
56 0.506182562792 0.000816419852529
57 0.506070052933 0.000788777504615
58 0.505929774472 0.000765405474423
59 0.505838283092 0.000768660413266
60 0.505676941808 0.000839429048341
61 0.505549214191 0.00100006335468
62 0.505380642772 0.00115697275878
