1 0.41354187272 0.000579835512514
2 0.381911554353 0.000555801156093
3 0.366063132241 0.00048795928932
4 0.357566766426 0.000441985874408
5 0.350868115305 0.000430929090781
6 0.34639570505 0.00039631572381
7 0.342857495572 0.000359795091519
8 0.340414772214 0.000374089047214
9 0.338090365485 0.000344668675258
10 0.33708400246 0.00036777850277
11 0.335927764968 0.000362374359973
12 0.334202059098 0.000387315132845
13 0.33289443333 0.000481582424534
14 0.331712392914 0.000609135519917
15 0.328252235048 0.000924417818497
16 0.330195880823 0.00141522452809
