1 0.203693803036 0.000422644072096
2 0.183613495353 0.000351695105835
3 0.171753041466 0.000314863983706
4 0.163730411806 0.00033404279677
5 0.157797443178 0.000342748002618
6 0.153324800249 0.000350306929062
7 0.149916424581 0.000375731895115
8 0.146844312502 0.000406332542663
9 0.144511806849 0.000424200399221
10 0.142651136627 0.000445188910376
11 0.14093233368 0.000479582593857
12 0.13952515018 0.000510648762615
13 0.137973490878 0.000544517204207
14 0.136658225558 0.000584604998125
15 0.135498386888 0.000633766233783
16 0.134697631392 0.000687268069593
17 0.134170124685 0.000755664675687
18 0.13394275998 0.000823255242399
19 0.133832166675 0.000910706222132
20 0.133616607087 0.00101778898819
21 0.133547272851 0.00109025473654
22 0.133754503719 0.00118240781233
23 0.134074918574 0.00132373821177
24 0.134179500182 0.00150346636088
25 0.134258547272 0.00169675435109
26 0.134247821078 0.00189480619462
27 0.134309670076 0.00213656090541
28 0.13464649265 0.00235832881309
29 0.135321679545 0.00266489061911
30 0.13565404146 0.00295659782081
31 0.135798472995 0.00335560377191
32 0.135873307355 0.00371919948427
33 0.135905831063 0.004115439399
34 0.136225108994 0.00468598330229
35 0.136810603657 0.00508334464351
36 0.137720682984 0.00572086976323
37 0.138335510708 0.00630901187172
38 0.138413579064 0.0069870497434
39 0.137894153197 0.00772893092212
40 0.137966252426 0.00855608523356
41 0.137975039156 0.00938406681577
42 0.138978788068 0.01033146788
43 0.139297785251 0.0110950976151
44 0.140911205328 0.0122153751407
45 0.141700543985 0.0130630158701
46 0.140794803139 0.014088790985
47 0.140966701768 0.0149915404854
48 0.14620144926 0.015986219886
49 0.145714978993 0.0164563177548
50 0.145000782194 0.0171598583496
51 0.140279430521 0.0171989029396
52 0.138725281546 0.0175993852126
53 0.13829876357 0.0175504887188
54 0.130089066247 0.0171976752671
55 0.131530421201 0.0164887767779
56 0.132056983435 0.0158931110531
57 0.150842795095 0.0169943296401
58 0.15338278905 0.0161441166672
59 0.119942738849 0.0232148528797
60 0.109700604294 0.0299843760395
61 0.118789607463 0.0356932092495
62 0.147980956023 0.0494292540783
