1 0.933474279221 0.000188562011496
2 0.838801988235 0.000258033109122
3 0.751413486773 0.000307654774207
4 0.67464481135 0.000378168433537
5 0.609039260673 0.000412868824395
6 0.554124079803 0.000425955039356
7 0.508902948418 0.00042831633722
8 0.47158055571 0.000452386786375
9 0.441754967893 0.0004513750678
10 0.418920411505 0.000441219992411
11 0.402223623241 0.000448054483154
12 0.390057958578 0.000466352261926
13 0.38115291276 0.000491875817514
14 0.37452285484 0.000558008211116
15 0.369602278083 0.000741034497091
16 0.365657059898 0.00112259964667
