1 0.409092384033 0.000524453098603
2 0.378219696716 0.000462916868086
3 0.363235004533 0.000450432933276
4 0.354019830768 0.000424679209762
5 0.348792975474 0.000441617744942
6 0.343765291943 0.00042539129555
7 0.339907051679 0.000405436979803
8 0.337151597874 0.00037175308199
9 0.335971331454 0.000360813991593
10 0.336299512928 0.000353147064639
11 0.335472994541 0.000395771311137
12 0.334063334314 0.000388076534436
13 0.33353051122 0.000388435301754
14 0.332537338496 0.00036826244124
15 0.332005341309 0.000347005611297
16 0.330308398318 0.000355564415304
17 0.329215158353 0.000379374514028
18 0.329543661312 0.000433618104082
19 0.328579690723 0.000509229504899
20 0.328407500463 0.000666213517432
21 0.328310453073 0.000935819640908
22 0.328556564378 0.0016087851866
