1 0.587614301474 0.000901031766756
2 0.55211845804 0.000782588678125
3 0.536315989676 0.000803416632299
4 0.5256520983 0.000764913212168
5 0.519708908752 0.000829039912845
6 0.515753070412 0.000849083312544
7 0.513551431328 0.000784295337697
8 0.51101963943 0.000725375639694
9 0.509388234451 0.000721280038095
10 0.506700289016 0.000726435250083
11 0.507482832569 0.000699070582013
12 0.508762062236 0.000648137146811
13 0.508526581514 0.000683772511495
14 0.506830908486 0.000682619655068
15 0.507128978385 0.000762925022314
16 0.506997346458 0.000733047466588
17 0.505769950815 0.000743586036675
18 0.505278927176 0.000729927948251
19 0.505374068979 0.0006574615666
20 0.507382147666 0.000779553156127
21 0.504697381373 0.00065358092293
22 0.505358900186 0.000689685423986
23 0.506219028498 0.000696682479944
24 0.503897900047 0.000709018556174
25 0.503046551795 0.000944354170295
26 0.503730769073 0.00143607100065
