1 0.22736401734 0.000299227706361
2 0.207619501525 0.000227164546879
3 0.196663888738 0.000208582019179
4 0.190207298738 0.000214154722787
5 0.185702104151 0.000200165538106
6 0.182198888686 0.000192167908453
7 0.179781004232 0.0001861102765
8 0.177517312587 0.000181431959682
9 0.175844543325 0.000180237453661
10 0.174333472376 0.000174156477904
11 0.172980733195 0.00018204420071
12 0.17194761427 0.000179130901286
13 0.170805062476 0.000173713536229
14 0.169788406574 0.000179229456485
15 0.169201293984 0.000182798485061
16 0.168977435046 0.000184357985584
17 0.168529893116 0.000190940134724
18 0.168232582365 0.000204316347397
19 0.167848926591 0.000218767543678
20 0.167446012163 0.000235840855738
21 0.167261142398 0.000253542399105
22 0.167137402638 0.000271806225323
23 0.167096628836 0.000285838427893
24 0.167184161123 0.000325316677967
25 0.166698944763 0.000368303344454
26 0.166558564861 0.000454440148975
27 0.166440604603 0.000585470063045
28 0.165992976756 0.000821344379292
29 0.166163339738 0.001308621131
30 0.166993495622 0.00193053330093
