1 0.590453878655 0.000762352620595
2 0.553047953124 0.000904092183111
3 0.533782210402 0.000777563912713
4 0.524200980663 0.000708610965292
5 0.518717756047 0.000753996482151
6 0.513332158191 0.000693829998626
7 0.51163076041 0.000760090404831
8 0.509988204332 0.000689795524383
9 0.508950786737 0.000758592006092
10 0.507593296099 0.000758594640694
11 0.506240285451 0.000801913627801
12 0.50817774839 0.00084653086538
13 0.507505319583 0.000853561330566
14 0.505041269258 0.000802847981853
15 0.503634937686 0.000767698955769
16 0.5048013789 0.00083317317989
17 0.504345837273 0.000790082970792
18 0.505177823797 0.000745748923839
19 0.504701098698 0.000783792956064
20 0.504500362184 0.000733293872788
21 0.505195987535 0.000776981788874
22 0.505682595396 0.000803970155031
23 0.506226424068 0.000808898711426
24 0.507022004435 0.000792367405287
25 0.503652071874 0.000715501597163
26 0.503746007623 0.000690247791165
27 0.504462931563 0.000675557785942
28 0.504705082392 0.000800732839385
29 0.502867290901 0.000945031457759
30 0.504567647891 0.00146633116878
