1 0.968421601602 0.000143418377351
2 0.883867144117 0.0002033845576
3 0.809948187172 0.000246793144251
4 0.747677310689 0.000316601530384
5 0.697770386818 0.00035736377154
6 0.658441515148 0.000400063073867
7 0.627720760866 0.00046063526658
8 0.603814043839 0.000501833276094
9 0.585792499736 0.000534213068189
10 0.57146612965 0.000580689864431
11 0.560196586379 0.000600620043793
12 0.551413016567 0.000644642803545
13 0.544340974429 0.000655126941808
14 0.538462984657 0.000666285845638
15 0.533609367481 0.000679243207246
16 0.529780268115 0.000716482005076
17 0.526519460006 0.000740961968259
18 0.523761903689 0.000758316306123
19 0.5214471293 0.000775038270189
20 0.519407035103 0.000772015406658
21 0.517614241849 0.000773787899368
22 0.516129549629 0.000764866300108
23 0.515011370305 0.000765909597157
24 0.513982731719 0.00073735411197
25 0.513068742502 0.000716814106466
26 0.512493605191 0.000709001105884
27 0.512043995383 0.000710592567227
28 0.511845418309 0.000754948937743
29 0.512010912323 0.000919311825294
30 0.512763496149 0.00130915784055
