1 0.191138055564 0.000331568018546
2 0.172541646867 0.000287414188779
3 0.16202162386 0.00028333600071
4 0.155403180863 0.000288993950362
5 0.15073499837 0.000304214752841
6 0.146950641166 0.00031777199402
7 0.143769723599 0.00033419795333
8 0.14125619591 0.000350227835179
9 0.139106679609 0.000376949006681
10 0.13727433249 0.000425619691306
11 0.135518067698 0.000484763476208
12 0.134069206076 0.000560190639744
13 0.13300903963 0.000662285098839
14 0.132022800682 0.000820684575719
15 0.130631044757 0.00107170960289
16 0.128231391294 0.00156222271417
17 0.127196577213 0.00265691377299
18 0.127430357461 0.00399818809984
