1 0.186696335603 0.000280708978014
2 0.168619327953 0.000243390419872
3 0.158199964401 0.000252471522924
4 0.151281240719 0.000263888467183
5 0.145865338134 0.000288749906108
6 0.141659256997 0.000317019835
7 0.138287428943 0.000355594801776
8 0.135463986254 0.000397476156058
9 0.133267369176 0.000463428275741
10 0.131583579124 0.000548179054304
11 0.130168993755 0.000643969586754
12 0.128513011426 0.000803691765477
13 0.126389083266 0.00108939456239
14 0.123362879793 0.00156602264418
15 0.116858388683 0.0025094009903
16 0.119322090146 0.00393916202916
