1 0.859811494094 0.000233494886078
2 0.738034487251 0.000313954885356
3 0.618889560138 0.00044057465432
4 0.509264095955 0.000536186041905
5 0.416477362826 0.00059742344745
6 0.343640382821 0.000642738430292
7 0.289293222091 0.000693798776763
8 0.249357131446 0.000781910487797
9 0.220160282935 0.00086789120479
10 0.199007788056 0.000925273224725
11 0.183871863611 0.00101128525833
12 0.172978883796 0.00106542517675
13 0.164915829795 0.00113742913493
14 0.15877407943 0.00121695552347
15 0.15397946579 0.00132107329405
16 0.150123440481 0.00140973218681
17 0.147012374226 0.00149958767098
18 0.144368913845 0.0016355114914
19 0.142022420745 0.00176424889808
20 0.139954739464 0.00190263764627
21 0.138170216819 0.00206513237121
22 0.136806058348 0.00221932660037
23 0.13566346087 0.00244462991541
24 0.13441108916 0.00268148737682
25 0.132920713949 0.00295737839722
26 0.131200767818 0.00325919976273
27 0.129137127714 0.00373041103068
28 0.127110214441 0.00425706027747
29 0.127826975251 0.00394077582694
30 0.149723660138 0.00293201500134
