1 0.864709697862 0.000218751557664
2 0.742714726852 0.000343158955718
3 0.623387710623 0.000448298402864
4 0.512341975408 0.000494879763699
5 0.415347749488 0.000488030032352
6 0.336682145097 0.000483789989237
7 0.282709722383 0.000447845926447
8 0.250201306154 0.000405410642233
9 0.229951614123 0.000393758739453
10 0.216432043289 0.000395806488011
11 0.206857882135 0.000418880589872
12 0.19971252941 0.000443737969254
13 0.194225973428 0.000469943126666
14 0.190014721554 0.000526794648355
15 0.186762680515 0.000606683182169
16 0.184393064457 0.000759830359731
17 0.182661676316 0.00108556162351
18 0.181599848355 0.00175845240431
