1 0.866812196898 0.000219631905361
2 0.742352514 0.000328154500113
3 0.621108811833 0.000369748470213
4 0.512311436806 0.000387939919688
5 0.422201434912 0.000408519666084
6 0.352883218404 0.000395607110896
7 0.301710930169 0.000369327870257
8 0.265573243564 0.000331404753417
9 0.241584242519 0.000303930541165
10 0.225604219985 0.00029465653624
11 0.21464777187 0.000288239450078
12 0.206785356405 0.000294023642553
13 0.200934898558 0.000303836898515
14 0.196481850242 0.000313321556441
15 0.193022143489 0.000329555605254
16 0.190345214765 0.000351987231772
17 0.188319557683 0.000394946515748
18 0.186732401634 0.000462845527323
19 0.185463180938 0.000558523639617
20 0.184783414604 0.000706236872349
21 0.184785982933 0.00101032293129
22 0.185258954553 0.00163333243472
