1 0.864168776088 0.000238290033007
2 0.741458641583 0.000309702958792
3 0.621236466742 0.000416193750578
4 0.511858745997 0.000466347046629
5 0.419254849437 0.000473284650038
6 0.346205302332 0.000460423223023
7 0.291250268412 0.000451482142224
8 0.252806503588 0.000424099763011
9 0.228005608762 0.000403339314488
10 0.211819363962 0.000397415024333
11 0.200814967314 0.000409323902081
12 0.192903558256 0.00042682784023
13 0.187007120455 0.000451471604833
14 0.182508413003 0.000473486543769
15 0.178975299402 0.000507937982822
16 0.176216120087 0.000550050530207
17 0.174153162847 0.00059237962275
18 0.172458646933 0.000673138903028
19 0.171042302879 0.000794570948617
20 0.170289890448 0.00100320008871
21 0.170263413833 0.00143646098332
22 0.170778271994 0.0021635252415
