1 0.929936719167 0.0001641911492
2 0.830778365227 0.000211878544381
3 0.739404181569 0.000282969916308
4 0.659843493658 0.000300402083632
5 0.593550251606 0.000337442586522
6 0.540937739161 0.000325205528719
7 0.500099258361 0.000337054461136
8 0.468275998099 0.00035588416936
9 0.444176818271 0.000365165251981
10 0.425553213886 0.000368785171107
11 0.411000085476 0.000361153920145
12 0.399361859221 0.000356733671432
13 0.389945822965 0.000360111392033
14 0.382227230895 0.000356799580724
15 0.375959179357 0.000351432156986
16 0.37112347361 0.00034745293406
17 0.367582888551 0.000346038181766
18 0.364982087473 0.000366871179368
19 0.362936789277 0.000415279068105
20 0.361515109169 0.000504201804161
21 0.360798014996 0.000700125688414
22 0.360685791335 0.0010946303531
