1 0.415776779914 0.000492900768086
2 0.386019022185 0.000521521959285
3 0.37199149356 0.000446980105401
4 0.363389304752 0.000420581435463
5 0.358912369007 0.000389275872723
6 0.354436791041 0.000416665843205
7 0.351008570179 0.00040988868595
8 0.348400329998 0.000395059557766
9 0.347510135373 0.000402280147133
10 0.348236252197 0.000419495129776
11 0.347755182573 0.000451069184021
12 0.346615712362 0.000430391256057
13 0.346365506835 0.000377286035099
14 0.345563196254 0.000350345823024
15 0.345219326986 0.000358999706228
16 0.344022194926 0.000366198133758
17 0.343162218344 0.000382001115034
18 0.343665071168 0.000398588887923
19 0.343014276617 0.000448944160018
20 0.342711040001 0.000566757793712
21 0.342240803578 0.000850932706803
22 0.343489842152 0.00158644710424
