1 0.929865996263 0.00017162875753
2 0.830482697845 0.000226833520408
3 0.73936643412 0.00025207299934
4 0.659561596057 0.000307841584645
5 0.59369414947 0.000330534694074
6 0.541221357492 0.000348894054588
7 0.500415771115 0.000339278349014
8 0.469065013916 0.000348790148917
9 0.445333215584 0.000342282092027
10 0.426829869794 0.00035809381999
11 0.412429342548 0.000374975171231
12 0.401134478928 0.000369090991936
13 0.392039119524 0.000371704379468
14 0.384552026761 0.000384579870936
15 0.378342043869 0.000400508614563
16 0.373291921406 0.000413351156216
17 0.369113666505 0.000433532276164
18 0.365599945795 0.000448863796274
19 0.362567917927 0.000474591640869
20 0.359920391451 0.000474494124022
21 0.357643364848 0.000472822385445
22 0.355801784355 0.00046965583077
23 0.354409432943 0.000467070283933
24 0.353258745009 0.000475851209529
25 0.352387847474 0.000480793302889
26 0.351866275769 0.000524262830561
27 0.351569460368 0.000605355610998
28 0.351432825403 0.000752025820767
29 0.351450766967 0.00101271839279
30 0.351702820039 0.00153093718803
