1 0.866808949063 0.000236451166855
2 0.742390840418 0.000339064595887
3 0.621777527284 0.000402177880337
4 0.513948409235 0.00043353067602
5 0.425187882023 0.000439222397446
6 0.357728039482 0.000379451372368
7 0.309488567237 0.000349317855034
8 0.275707110969 0.000313949427051
9 0.251671512549 0.000296143004595
10 0.234205120431 0.000304185211737
11 0.221199953213 0.000309506852133
12 0.211275196845 0.00031889737663
13 0.203541971204 0.000306281668526
14 0.197424538516 0.000311403397795
15 0.192522997465 0.000310156719612
16 0.18857758918 0.000302994835214
17 0.185370633129 0.000308437351144
18 0.182663529713 0.000312863768172
19 0.180381723986 0.000319133963609
20 0.178462394219 0.000324999869474
21 0.17680750507 0.000332614503736
22 0.17543212426 0.000341036579588
23 0.174243814063 0.000338160026874
24 0.173194293672 0.000346616739211
25 0.172276226467 0.000355678661278
26 0.171464203063 0.000362694418527
27 0.170794993128 0.000367695381485
28 0.170219348796 0.000377531519624
29 0.169663669829 0.000388282380001
30 0.169148038705 0.00040204535005
31 0.168639392877 0.000419484929289
32 0.168229214685 0.000440573987229
33 0.167892811229 0.000462196403966
34 0.167591334948 0.000486106132921
35 0.167296227227 0.000511797389591
36 0.166997465419 0.000535745725326
37 0.166748781916 0.000560497366592
38 0.166547636038 0.000569739950707
39 0.166396590625 0.000595850607168
40 0.166289105444 0.000624620611169
41 0.166225930973 0.000648267933669
42 0.166253095375 0.000679357839066
43 0.166314212008 0.000720168940474
44 0.1663568376 0.000760340410903
45 0.166364046239 0.000794361374988
46 0.166405630364 0.000837660026719
47 0.166409754924 0.000871680894913
48 0.166508906152 0.000924964023866
49 0.166691663044 0.000985364437796
50 0.166993828485 0.00106036443335
51 0.167284771557 0.0011314570891
52 0.167618846368 0.00123037721936
53 0.168085936776 0.00136310629766
54 0.168690645853 0.00146538001768
55 0.169312528642 0.00160352349682
56 0.169865612104 0.00173385807038
57 0.170203911065 0.00188930673109
58 0.170453511965 0.00203295070114
59 0.170653764964 0.00214872191181
60 0.171170470676 0.00210500082361
61 0.176458352133 0.00152519804402
62 0.188550063392 0.00119071223973
