1 0.414223050611 0.000555330223133
2 0.3844642425 0.000506374145626
3 0.368531180525 0.000481603904313
4 0.360126368482 0.000390021985706
5 0.356349460106 0.000415303498966
6 0.352962364165 0.000442314556488
7 0.349958524714 0.00040975944864
8 0.347916089866 0.000378323775465
9 0.346044945654 0.000402215361452
10 0.344543482527 0.000370957179413
11 0.343148231767 0.000342577528213
12 0.341744761413 0.000377351480932
13 0.341243794189 0.000391186499741
14 0.340767265256 0.000425175041622
15 0.340278907114 0.000450210692938
16 0.339246332733 0.00059889978246
17 0.339069366305 0.00094906992247
18 0.338206775288 0.00164506627117
