1 0.930214133626 0.000192230768157
2 0.833563368204 0.00026044615153
3 0.744127246548 0.000280803118186
4 0.665431134374 0.000295304264025
5 0.598769233393 0.000299598357452
6 0.544877962715 0.000331444928904
7 0.502229168543 0.000351082444862
8 0.468427878255 0.000353736777809
9 0.442428245091 0.000368716280833
10 0.42205528577 0.000382284148994
11 0.405933887653 0.000404303794448
12 0.39294537435 0.000398477253297
13 0.382379848248 0.000398653788884
14 0.373648745032 0.00040692017668
15 0.366578454337 0.000412940350718
16 0.361152201151 0.000426377013246
17 0.357208551807 0.000443294296439
18 0.354265354419 0.000490925188909
19 0.351915778679 0.000554479141809
20 0.350240886252 0.000683573425424
21 0.349296839915 0.000945351781861
22 0.348762671269 0.00143829345381
