1 0.209656307546 0.00024733214188
2 0.191521827889 0.000198476302539
3 0.181770433255 0.000188913562005
4 0.175676597643 0.000186100111682
5 0.171086766755 0.000176951638764
6 0.167674873176 0.000181056852652
7 0.164976946907 0.000201848481494
8 0.162833790047 0.000204879102396
9 0.161146157122 0.000246955472684
10 0.160000056234 0.000281768054719
11 0.158975223425 0.000319329200328
12 0.157538335717 0.00039550686723
13 0.156287972464 0.000532969593081
14 0.154852447852 0.0007718574086
15 0.150606218398 0.00124321555886
16 0.152803493216 0.00228011248895
