1 0.864021541245 0.000234944198027
2 0.741266222705 0.000276044846187
3 0.621616531647 0.000342500791346
4 0.513320670418 0.000415467973046
5 0.422551183487 0.00042966060923
6 0.352332607675 0.00041504568825
7 0.301459044288 0.000416112012423
8 0.265540962774 0.000394945986312
9 0.239886548387 0.000380312701287
10 0.221190088805 0.000369105774159
11 0.207259392128 0.000361114790491
12 0.196619939839 0.000364373969715
13 0.188317170063 0.000373760410387
14 0.181746935385 0.000380590150553
15 0.176460436817 0.000388543722849
16 0.172190281083 0.000399212998424
17 0.168726618961 0.000414775003257
18 0.165799272594 0.00042897693183
19 0.163340282274 0.000440438702348
20 0.16126926795 0.000465118955315
21 0.159493144049 0.000489026824996
22 0.157992968723 0.000510009828675
23 0.156725486574 0.000540223036328
24 0.155605821096 0.000571487061903
25 0.154646540563 0.000608753452439
26 0.153812152179 0.000645487589135
27 0.15312208478 0.000693057381452
28 0.152466734252 0.000725472652826
29 0.151809773024 0.000766503571392
30 0.151164779759 0.000814444296942
31 0.150532495567 0.000857931911971
32 0.150036660133 0.000906079812244
33 0.149684594246 0.000967745860129
34 0.14944671506 0.00104666606973
35 0.149263626554 0.00115033202593
36 0.149153116368 0.0012238463341
37 0.149110622558 0.00132820710076
38 0.149136006666 0.00146498064369
39 0.149226197753 0.00158244585683
40 0.149341734558 0.00175359635853
41 0.149487155354 0.00190447234356
42 0.149780051711 0.0020639911025
43 0.150083629113 0.00220022650497
44 0.150435972035 0.00244512182088
45 0.15075814923 0.00266340684417
46 0.151036848424 0.0028977837554
47 0.151233594239 0.00319171456163
48 0.151446755042 0.00341814811707
49 0.151861295954 0.00370461476334
50 0.152342133797 0.00400348957639
51 0.152717853161 0.0042712141198
52 0.153336991402 0.00456563229053
53 0.154130611226 0.00479476462932
54 0.155085020281 0.00503062531315
55 0.155697127931 0.00526318516212
56 0.155963957427 0.00523024072383
57 0.15548130986 0.00507749230574
58 0.15505643021 0.00484289132586
59 0.154215237525 0.00439340113073
60 0.153924396669 0.00366937442942
61 0.159354469315 0.00280689876131
62 0.173407594815 0.00222033696522
