1 0.227027477383 0.000339453155926
2 0.208242104221 0.000306591312575
3 0.197793078566 0.000302791158454
4 0.190966867151 0.000264166040227
5 0.186153146977 0.000267410305315
6 0.182708574901 0.000253815734028
7 0.180259410683 0.000242781137636
8 0.177987906213 0.000251323067388
9 0.176493525356 0.000264329464235
10 0.175421942417 0.000267308153516
11 0.174412945896 0.000260915100387
12 0.173794850969 0.000262883821534
13 0.172685713851 0.000264116204618
14 0.171822870993 0.000279484792659
15 0.171055856887 0.00028099355327
16 0.17058722379 0.000272643285768
17 0.170114345973 0.000288315671143
18 0.16995253339 0.000287158383645
19 0.1697800421 0.000290824813791
20 0.169237109411 0.000288830423135
21 0.168691931782 0.000297189771212
22 0.168358420393 0.000317223550937
23 0.168094046208 0.000327771525957
24 0.167813225701 0.000324224852183
25 0.167707719207 0.000316439194966
26 0.1675219369 0.000332077473074
27 0.167164527467 0.000338796895916
28 0.167195185228 0.000361950293552
29 0.167320250005 0.000380831341587
30 0.167421409077 0.000394815886856
31 0.167592474543 0.00039578306688
32 0.16729112095 0.000390661178324
33 0.167137625019 0.000392454003711
34 0.166930099891 0.000396262608386
35 0.166542210626 0.000404992945431
36 0.166665127375 0.000417899450696
37 0.166853245941 0.000439339963594
38 0.167207462715 0.000458089866252
39 0.166905696066 0.000485084368511
40 0.166900860817 0.000489429279262
41 0.166733289937 0.000538872579604
42 0.166779196089 0.000558009119888
43 0.166802984454 0.000579065038845
44 0.167043945572 0.000600298091779
45 0.167233660441 0.00063107409775
46 0.167511224538 0.000663495564718
47 0.167494760793 0.000690779654428
48 0.168221461895 0.000726749340474
49 0.168022200709 0.000786875615105
50 0.16810201258 0.000863608811832
51 0.167855137469 0.000961297478992
52 0.167021372483 0.00105143120005
53 0.166427331689 0.00116020374819
54 0.165133043173 0.0012626715635
55 0.16453232064 0.00143153933773
56 0.164624044762 0.00165623501386
57 0.164948932155 0.00188526356123
58 0.165730407989 0.00216905173109
59 0.166842105235 0.00232121066522
60 0.162932270999 0.0022239237158
61 0.160346337341 0.00205020069766
62 0.158171732775 0.00170748445438
