1 0.586297388569 0.000852948880916
2 0.550223534237 0.000816317687149
3 0.531063349879 0.000705243613146
4 0.520904389703 0.000725484149599
5 0.51754167577 0.00080369781028
6 0.514103174516 0.000799086054917
7 0.511329381809 0.000785556214746
8 0.509674824419 0.000731614088029
9 0.508030093647 0.000744551492411
10 0.506920978806 0.000672549894317
11 0.505655095563 0.000655465091217
12 0.504435066206 0.000643541127345
13 0.504368403565 0.000606866596977
14 0.504622968031 0.000640370408973
15 0.504222689241 0.000667238025091
16 0.503344127486 0.000692338653043
17 0.503481106694 0.000768151464924
18 0.502776669903 0.00131305500653
