1 0.968290187602 0.000139078601652
2 0.88389296761 0.000200693727808
3 0.810304175149 0.000250582905509
4 0.748040279428 0.000306968015723
5 0.697444871805 0.000288457880811
6 0.657104184188 0.000298523473176
7 0.626033365298 0.000312969069551
8 0.602297449507 0.000318013467001
9 0.583688782732 0.000325092611335
10 0.56928956852 0.000351020603866
11 0.558295509698 0.000354288545993
12 0.549286412856 0.000378709925197
13 0.541988004068 0.00037900128454
14 0.536217172959 0.000387140925634
15 0.532033632331 0.000404012309757
16 0.529171233298 0.000458429092717
17 0.527655645705 0.000555879300119
18 0.527673195151 0.000776189733868
