1 0.224476724831 0.000273678350623
2 0.204873430934 0.000242276908359
3 0.194521873951 0.000199779753304
4 0.187802394546 0.000172333776206
5 0.183350186248 0.000155148140133
6 0.179823222504 0.000152133069945
7 0.177145278432 0.000153375121604
8 0.175223168327 0.000162729498703
9 0.173932645365 0.000172495374422
10 0.173023835261 0.000172795705041
11 0.171896828793 0.000184459412452
12 0.170859252033 0.000195697690284
13 0.170140519491 0.000207766746364
14 0.169417435224 0.000226847976572
15 0.168916317109 0.0002553299071
16 0.168253155092 0.000284649741374
17 0.167756622024 0.000331476313342
18 0.16793019099 0.000406671229117
19 0.167642754694 0.000568498134251
20 0.16701677091 0.000732147823575
21 0.166707532485 0.00116021394322
22 0.168736275349 0.00206233949178
