1 0.860304466077 0.00027041938147
2 0.737994704636 0.000349559354902
3 0.618808598597 0.000417502134985
4 0.5097632496 0.000498266003433
5 0.416461334812 0.000578940824755
6 0.34222376776 0.000671130554257
7 0.28578327705 0.000790670012932
8 0.244252362508 0.00093310219165
9 0.215166911582 0.00100785347283
10 0.195749288961 0.00104278224725
11 0.182686794395 0.00108572720016
12 0.173485352754 0.00110475818622
13 0.166859954603 0.00118531681024
14 0.161853103324 0.00122695393574
15 0.157969464622 0.00129671426761
16 0.154922870918 0.0013850919684
17 0.152475257988 0.00147865305519
18 0.150471958317 0.00155243857871
19 0.148925582289 0.00169146192638
20 0.1478639992 0.00184431967217
21 0.147118514268 0.00195529750299
22 0.146874672989 0.00220170159137
23 0.147384215613 0.00248582362663
24 0.149081212896 0.00306251034549
25 0.152431321014 0.00374391511329
26 0.163862736871 0.00320027177806
