1 0.216493923978 0.000298256737403
2 0.195976287043 0.000244821537443
3 0.184277262453 0.000223431112355
4 0.177150744327 0.000218274884594
5 0.172018480294 0.000209656851675
6 0.168023591886 0.000188004393205
7 0.16512745188 0.000185288516121
8 0.162498376769 0.000186219106387
9 0.160493189366 0.000186524092129
10 0.158723772386 0.000191876040966
11 0.157125351602 0.000207768702957
12 0.155856793417 0.000223221380403
13 0.15456283303 0.000236313296653
14 0.15347307863 0.000249680893158
15 0.15277102896 0.000267852740729
16 0.152415415155 0.000290399370949
17 0.151888376083 0.000303104609841
18 0.151486683102 0.000316100738746
19 0.151016928651 0.000344954530234
20 0.150538165334 0.000374196667271
21 0.150289028356 0.000412353336536
22 0.150166762242 0.000457565885199
23 0.150094045106 0.000515658920084
24 0.150163159907 0.000599251961005
25 0.14961396116 0.000686592056057
26 0.149292516523 0.000801979603842
27 0.14934047302 0.00102079440812
28 0.14892613633 0.00138787975975
29 0.150292295083 0.00206354241467
30 0.150446259788 0.00242000166062
