1 0.863741520533 0.000242031590574
2 0.740854783707 0.000338940600938
3 0.621296957761 0.000427934273836
4 0.512591292366 0.000465974842841
5 0.422169118769 0.000466243429483
6 0.352529264957 0.000456234935089
7 0.301410394222 0.000432007267771
8 0.264378237563 0.000416657477874
9 0.237418880226 0.000401659022815
10 0.217557549069 0.000389422322309
11 0.202928285354 0.000378675812118
12 0.19209958884 0.000366925826487
13 0.183981527109 0.00037031923618
14 0.177800937347 0.000385454593144
15 0.173043421993 0.000408532581776
16 0.169362286065 0.000440368174164
17 0.166475029764 0.000477403700994
18 0.164107805762 0.000521087811938
19 0.162147315541 0.000570960965143
20 0.160506360153 0.000616074802987
21 0.159117376977 0.000670359658568
22 0.157986516902 0.000717464560545
23 0.15704784187 0.000780531697845
24 0.156194050567 0.000857840684256
25 0.155385632554 0.000946467730987
26 0.154579287979 0.0010483147123
27 0.153554420515 0.00124475264477
28 0.152140027645 0.00160974602201
29 0.150086421108 0.00213411322063
30 0.164349245435 0.00242867566479
