1 0.860653746962 0.000271511650527
2 0.739563377398 0.000394107486778
3 0.62015635903 0.000512709965078
4 0.507149120851 0.000606384176051
5 0.40576677509 0.00071065850515
6 0.322055201807 0.000835376141099
7 0.266672275819 0.000830660643255
8 0.234589921374 0.000768165570668
9 0.214698750517 0.000751466566169
10 0.201262899743 0.000756428732639
11 0.191603242383 0.000790466459257
12 0.184206768135 0.000848024359026
13 0.178379410927 0.000940300144676
14 0.173763219542 0.0010785620593
15 0.169924242548 0.00125885924457
16 0.166942103146 0.00162648001505
17 0.164227837261 0.00233377994761
18 0.162339045356 0.00316898247866
