1 0.930081883785 0.000177209968278
2 0.830132764042 0.000274904960837
3 0.738864318541 0.000287418657355
4 0.659574783351 0.000323062365881
5 0.593328326587 0.000323739980145
6 0.540488899793 0.00033073518899
7 0.499542944261 0.000327208818532
8 0.468236188868 0.000325924067688
9 0.44423514666 0.000335856517842
10 0.425786007237 0.000341118190951
11 0.411450702537 0.000357724127046
12 0.400174650292 0.000372035358936
13 0.391408487174 0.00039078025326
14 0.384144356146 0.000399403676505
15 0.377918744546 0.000396956059616
16 0.37283167053 0.000385674421681
17 0.368688885698 0.000391030288247
18 0.365175763663 0.000385012893763
19 0.362247512248 0.000377807767866
20 0.359924770592 0.000385483532956
21 0.358097836914 0.000404232425943
22 0.356707616056 0.00043955706488
23 0.355665008668 0.000507891649297
24 0.355120233776 0.000615446290072
25 0.35501623355 0.000832243838016
26 0.355634266136 0.00125857219314
