1 0.930160832774 0.000202952236735
2 0.832591313876 0.00028565789433
3 0.743116753127 0.000369225954522
4 0.664609007662 0.000402552478337
5 0.597969602929 0.00041304783868
6 0.543812071544 0.000421118664254
7 0.501042646703 0.000422370334164
8 0.467772121296 0.000431978161877
9 0.441851773136 0.000440456005488
10 0.421693767849 0.000448510894452
11 0.40588593615 0.000446155033078
12 0.393310629903 0.000443248129809
13 0.383378664452 0.000458366048493
14 0.375086270879 0.000464281145813
15 0.368006618026 0.000462146481442
16 0.362232995549 0.000475210558912
17 0.357524890554 0.000478101501784
18 0.353516473137 0.000492262402235
19 0.350210649914 0.000502129490908
20 0.347637446575 0.000493693739182
21 0.345649502037 0.000526995345524
22 0.344136372692 0.000577539098927
23 0.343020991425 0.00066983594059
24 0.342504301154 0.00082180581871
25 0.342725127445 0.00106035038544
26 0.343940770801 0.00165123257791
