1 0.867147106783 0.000238657379111
2 0.743154851281 0.000350376418501
3 0.622537481934 0.000403358188691
4 0.511945198894 0.000418969388289
5 0.417756787566 0.000436617600305
6 0.343318331353 0.000409161263537
7 0.292085061569 0.000353345275445
8 0.260522735632 0.000317334395377
9 0.24072953558 0.000304409134271
10 0.227569714519 0.000307431829446
11 0.218351550368 0.000321442138476
12 0.211548265326 0.000338722229417
13 0.20640856776 0.00035910214062
14 0.202565928334 0.000394744684799
15 0.199738799114 0.000454892354781
16 0.197857958275 0.000561816056122
17 0.196873775971 0.000808273615398
18 0.196911652583 0.00129182182268
