1 0.21773585845 0.000282140917325
2 0.199223470304 0.000237092831259
3 0.189189472139 0.000190515268918
4 0.183308092046 0.000170641345538
5 0.179482796185 0.000155471378958
6 0.176374624034 0.000151476197221
7 0.173766212106 0.000155860698895
8 0.171815826813 0.000184778924997
9 0.170134858057 0.000190859969168
10 0.168759177151 0.000213233545011
11 0.16755163304 0.00022772345038
12 0.166417461041 0.000262149868487
13 0.165913145251 0.000301018409386
14 0.165444400305 0.00039075687391
15 0.165068907532 0.000509056999463
16 0.163765403685 0.000728655304986
17 0.163159469539 0.00114428131737
18 0.161473498802 0.00217636373166
