1 0.586771416173 0.000990076206952
2 0.550836414229 0.000878727362875
3 0.53411540866 0.00101101980108
4 0.523652286536 0.00108078552107
5 0.517743003457 0.000934890136055
6 0.514151592134 0.00102451928834
7 0.513218712832 0.000982019441711
8 0.508749017439 0.00104809373432
9 0.507611620694 0.000820698176008
10 0.507522029081 0.000887722746967
11 0.506375126769 0.000877530600309
12 0.509426094689 0.00103827182436
13 0.509185084864 0.00104875919798
14 0.508083895581 0.000955919089773
15 0.505896747468 0.00101955110202
16 0.506404146194 0.000923575870202
17 0.50564220087 0.000872555103016
18 0.506651061068 0.00106368679097
19 0.509816868563 0.000880747499351
20 0.509167330141 0.000957707115527
21 0.507345636234 0.000950360969245
22 0.508474012994 0.000950070615399
23 0.507153504414 0.000940352061107
24 0.505568891848 0.0010734717745
25 0.506285161734 0.00100875941002
26 0.505362229733 0.00093623208499
27 0.505300239222 0.00100956282443
28 0.505584538838 0.00106245654683
29 0.504448022721 0.00106256707075
30 0.505100398159 0.00100200020474
31 0.507638792026 0.00107697032676
32 0.505254180333 0.00109822667264
33 0.503815712022 0.00117824767669
34 0.504442562682 0.00107855463279
35 0.502824540977 0.00100890063136
36 0.502086734266 0.00103887570374
37 0.504314842129 0.00109962055034
38 0.504023363539 0.001113922721
39 0.504601084702 0.000959679606921
40 0.505270874208 0.00101383952746
41 0.504147757906 0.00100722167692
42 0.503247791611 0.00112367119526
43 0.503146860045 0.00100147547035
44 0.503553822253 0.000908217907411
45 0.501968251698 0.000962285486405
46 0.504428822105 0.000986322561656
47 0.502045942355 0.00102554901766
48 0.503757058037 0.00114935046445
49 0.501729206154 0.00122669594045
50 0.505376241528 0.00128363730746
51 0.505294285605 0.00124164327512
52 0.505096880622 0.0012233738016
53 0.50443930876 0.001127361374
54 0.502254828467 0.00102524600633
55 0.503544949299 0.000990714341097
56 0.504523754404 0.00106985557519
57 0.505166294256 0.00110859986828
58 0.504584291383 0.00104851176448
59 0.505818449903 0.00119453846273
60 0.505162019055 0.00111876120917
61 0.5047710287 0.00128767788105
62 0.505687586709 0.00140924237323
