1 0.931565739177 0.000174797283448
2 0.833253835574 0.00022310122933
3 0.742560218801 0.000282719501421
4 0.663513171911 0.000345970742021
5 0.597084124077 0.000386273248131
6 0.542727633953 0.000370057640972
7 0.499212541752 0.000358336137388
8 0.464395444101 0.000336834257074
9 0.437408283379 0.000332050721194
10 0.417224498868 0.00033154237615
11 0.40269120194 0.000339054444878
12 0.392186506076 0.000365945200968
13 0.3845478079 0.000411687924583
14 0.378870144344 0.000502172509134
15 0.374674150797 0.000618047334317
16 0.371378042026 0.000941806249441
