1 0.862848157327 0.000273622033901
2 0.742496521936 0.000330357566183
3 0.622539223742 0.000456074827693
4 0.508133686115 0.000567373441021
5 0.402259474015 0.000653280825953
6 0.318370544102 0.000641545548615
7 0.268595310282 0.000567738334559
8 0.239767278784 0.000531909195475
9 0.221205067083 0.000556189462754
10 0.208191242326 0.000595176826968
11 0.198631523417 0.00065273969487
12 0.191429803842 0.00073077097183
13 0.186061339377 0.000854349053593
14 0.181805277484 0.00109397726289
15 0.178530376523 0.00156469714882
16 0.176512529682 0.00251337378814
