1 0.200962654365 0.000343266542196
2 0.180103094841 0.000304503585556
3 0.168221706392 0.000307631226417
4 0.160232414094 0.000317160888051
5 0.154644263837 0.000323431945122
6 0.150314938318 0.000354104041954
7 0.146881787825 0.000391367464921
8 0.144088338936 0.000422036147719
9 0.141808345174 0.000448146461349
10 0.140040327225 0.0004817694447
11 0.138746849298 0.000522471529862
12 0.137590087875 0.000562594798743
13 0.136693118032 0.000605199471353
14 0.135858656939 0.000668847709526
15 0.135278325124 0.000728218127281
16 0.134789103368 0.000809660259562
17 0.134200779572 0.0008984651981
18 0.133894712725 0.000968902272177
19 0.1338761451 0.00107349958885
20 0.133291122458 0.00120007089803
21 0.13403668328 0.00144280928351
22 0.133060534266 0.00178011504804
23 0.131593782852 0.00236050874741
24 0.127656710109 0.00329862347423
25 0.129123898886 0.0039836866397
26 0.134196991948 0.00391348719185
