1 0.407543477534 0.000571415226498
2 0.377741834045 0.000475234068205
3 0.363133627249 0.000480656522548
4 0.353788225269 0.000475949489823
5 0.348509406153 0.000423460354715
6 0.34457736344 0.000488331727643
7 0.341791864412 0.000509694319117
8 0.339094048833 0.000448549556534
9 0.337031477148 0.000436955708223
10 0.334981655171 0.000475975885469
11 0.335153649866 0.000503806503517
12 0.335205861593 0.000470103422724
13 0.334692730551 0.000431355316932
14 0.333551338054 0.000389961207952
15 0.333198034183 0.000383899134408
16 0.332676649152 0.000368560875459
17 0.331583389923 0.000392228751241
18 0.331087046534 0.000387889462131
19 0.331328241438 0.000393203822506
20 0.331437588306 0.000424992743955
21 0.330160652753 0.00045548805358
22 0.330030255223 0.000498325666856
23 0.329684692694 0.000631057585342
24 0.327769158471 0.00078096182988
25 0.326802546797 0.00109058821098
26 0.329138103974 0.00184841478122
