1 0.867008139877 0.000258638993299
2 0.7419435448 0.000361355441964
3 0.621454978909 0.000391121993699
4 0.513788146426 0.000417441228304
5 0.425071906981 0.000426970524782
6 0.357533076316 0.000430028260983
7 0.308270590642 0.000424555375554
8 0.272805792858 0.000388081397916
9 0.247242411954 0.0003438492185
10 0.229041111763 0.000300285538191
11 0.216099425323 0.000276045369948
12 0.206785081095 0.000269674958206
13 0.19996745859 0.000264777688288
14 0.194802098341 0.00027200265676
15 0.19079241352 0.000284171270007
16 0.187691776781 0.000300198512687
17 0.185255005369 0.000311531812097
18 0.183278186326 0.000344119417965
19 0.181681590925 0.000371909418346
20 0.180410482259 0.000407588441388
21 0.179411320776 0.000443084576814
22 0.178647908469 0.00050608963339
23 0.178130927782 0.000590322654706
24 0.177968948535 0.000770353514717
25 0.178438647874 0.00111441884876
26 0.181027586734 0.00172256320162
