1 0.415180798237 0.000590751852119
2 0.386357384563 0.000498878808214
3 0.372616998421 0.000481870048325
4 0.363946411575 0.000464117436634
5 0.359001151736 0.000462419986201
6 0.35538911155 0.000451155509582
7 0.35301569816 0.000450704629993
8 0.350848461899 0.000400390939962
9 0.349109487394 0.000411214847765
10 0.347374157438 0.000428046791437
11 0.347716292413 0.000424308820765
12 0.348112943352 0.00049754083257
13 0.347646180291 0.000486032334613
14 0.346581177405 0.000460807011672
15 0.34629626198 0.000417345195367
16 0.345902093203 0.000411310084107
17 0.344945098434 0.000376183325965
18 0.344516736441 0.000360020762595
19 0.344768462012 0.000370177787703
20 0.345306550077 0.000391218930234
21 0.34375024978 0.000403430382616
22 0.343775100667 0.000454596371535
23 0.343894784765 0.000497349148864
24 0.342447991382 0.000644489943162
25 0.34137938854 0.000967712963601
26 0.343266371599 0.00154984730717
