1 0.930982495761 0.000168849184879
2 0.835003469041 0.000242715375773
3 0.746916614645 0.000266320519218
4 0.668461467164 0.00030701294553
5 0.601726331009 0.000346393263972
6 0.546803542119 0.000421571808132
7 0.503252425261 0.000438605613827
8 0.468984641232 0.000413969099417
9 0.441549040088 0.000415796147592
10 0.419970706695 0.000425244725841
11 0.403419796883 0.000430972262926
12 0.390724574987 0.000436119212257
13 0.381192009511 0.000438734004449
14 0.374198843932 0.000461824274349
15 0.369205319061 0.00047780181266
16 0.365906381663 0.000549982950177
17 0.364182368283 0.000709502508884
18 0.364266093661 0.00105417448567
