1 0.409852976281 0.000599532190486
2 0.378516133883 0.000486510545172
3 0.361192218119 0.000441599081831
4 0.351661246768 0.000429249457794
5 0.347026044553 0.000395554728823
6 0.343010987228 0.000354314071605
7 0.339284784678 0.000375548627772
8 0.336601962903 0.000397832108792
9 0.334056164199 0.000380542013066
10 0.332016902132 0.000386473143294
11 0.330131724385 0.000363740004781
12 0.328417049482 0.000375637395264
13 0.327565120019 0.000392481962587
14 0.326689942622 0.000431087149058
15 0.325961459817 0.000524645632511
16 0.324952557386 0.000632600214709
17 0.324339521942 0.000960907156872
18 0.323250569176 0.00177666524319
