1 0.929952403916 0.000174143483351
2 0.830742839747 0.000225528601412
3 0.739497266682 0.000262884577139
4 0.660099236002 0.000328462958504
5 0.593831377276 0.000333933909549
6 0.540293315345 0.000329301503618
7 0.498707471632 0.00032000227131
8 0.467216257673 0.000306154425273
9 0.443241367743 0.000306141320135
10 0.424815859553 0.000313817278123
11 0.410553593643 0.00032177951859
12 0.399360583231 0.000333590490707
13 0.390424128687 0.000346652547373
14 0.383204863498 0.000371928079428
15 0.377244794169 0.00037719010571
16 0.372330849361 0.000390561405496
17 0.368438874424 0.000403612483428
18 0.365202305965 0.000404578640353
19 0.362512401581 0.000409890145383
20 0.360248142663 0.000427050675034
21 0.3582036352 0.000432349454767
22 0.356438940012 0.000441697519748
23 0.354855455267 0.000453373916798
24 0.353437390954 0.000469140448548
25 0.352180283228 0.000485686824107
26 0.351083404468 0.000504785799828
27 0.35026945767 0.000519096075088
28 0.349646126168 0.00053343930949
29 0.34912774632 0.00055116172709
30 0.348593187465 0.000567597904057
31 0.347947681621 0.000574524041082
32 0.347436210776 0.000576963811785
33 0.347064439154 0.000590726637779
34 0.346687638987 0.000612011575498
35 0.346373289085 0.000621118587273
36 0.346061560641 0.00064067896439
37 0.345674603989 0.000653607864634
38 0.345261541366 0.000677313522434
39 0.344833611241 0.000700126074304
40 0.344374487658 0.000731020487651
41 0.3440586743 0.000747785129397
42 0.343826818411 0.000761219947577
43 0.343687014961 0.000784013823432
44 0.343617743057 0.000808406391249
45 0.343561990769 0.000814550189966
46 0.343553023026 0.000820687026887
47 0.343435643934 0.000832976874777
48 0.343295928994 0.000855875712366
49 0.343206564804 0.000874554033929
50 0.343250888924 0.000887954000675
51 0.343258395167 0.000888027887929
52 0.343228200768 0.000886270430801
53 0.343115506098 0.000881688453096
54 0.343058268753 0.000897052448471
55 0.343171040212 0.000899240618026
56 0.343359266492 0.000944931680638
57 0.343509955724 0.00097466164298
58 0.343497466545 0.00105030066828
59 0.343361127402 0.00119939605683
60 0.343030909925 0.00139489851174
61 0.342650750587 0.0016153498453
62 0.346079480166 0.00115113351058
