1 0.414618975065 0.000723762294265
2 0.385860631594 0.000674542119062
3 0.371767142845 0.000633896750213
4 0.363043892513 0.000705077649325
5 0.357546749519 0.000646998577144
6 0.354074744013 0.000579762205503
7 0.352291248047 0.00053834197393
8 0.349304647368 0.000435811491398
9 0.348248954129 0.000486455060829
10 0.347939998089 0.00046692288928
11 0.347354097857 0.000515970781524
12 0.348591036125 0.000571377760834
13 0.347683880638 0.000599833228127
14 0.346694807951 0.000633822310079
15 0.345559284613 0.00069214725184
16 0.345620205653 0.000605105125884
17 0.345183844968 0.000640434619655
18 0.345837801797 0.000640658317395
19 0.347308670428 0.00066041833837
20 0.346685345567 0.000647667966595
21 0.345580097804 0.000553425457657
22 0.345699940633 0.000566989544126
23 0.345082759989 0.000575329993351
24 0.344193332865 0.000558951261596
25 0.344284780318 0.000635708115371
26 0.343877366903 0.000694341483667
27 0.343182754946 0.000729086796914
28 0.343026072658 0.000762425654886
29 0.343156618217 0.000777753087379
30 0.343672371045 0.000774304047895
31 0.344710970716 0.000728915371123
32 0.343346391565 0.000629372133018
33 0.343247244668 0.000625060391711
34 0.343779702979 0.000653361991007
35 0.342332545769 0.000591268408991
36 0.342075030496 0.000681463994605
37 0.342854445905 0.000838542049346
38 0.34404945773 0.000784362077547
39 0.344142716519 0.000817984157309
40 0.344651549137 0.000917907734421
41 0.343919942103 0.000852151327493
42 0.343498975938 0.000869631065737
43 0.343188533085 0.000859164635885
44 0.343019316516 0.000777396253397
45 0.341327121042 0.000806724970696
46 0.342221791822 0.000863214046009
47 0.341012925032 0.000899568898027
48 0.341980077123 0.000929096532962
49 0.342390634362 0.000938881807687
50 0.34507132661 0.00103281721534
51 0.344976754874 0.00100345157751
52 0.343791179948 0.000984985418124
53 0.34337507147 0.000962512423791
54 0.342189753404 0.000929386509767
55 0.343070665451 0.00092947937649
56 0.34320423537 0.000883526597373
57 0.343509293128 0.00091917428783
58 0.344584224717 0.00105316855876
59 0.347406931077 0.00119902468997
60 0.346259782357 0.00148026893612
61 0.346030384205 0.00175657510657
62 0.345456532023 0.00147108812346
