1 0.197872337271 0.000327326414665
2 0.177044133066 0.000303057511229
3 0.165659424041 0.000294064623268
4 0.15814520114 0.000304108724649
5 0.152912850949 0.000310245040534
6 0.148824566767 0.000331405144608
7 0.145690838557 0.000357663406636
8 0.143360313974 0.000380001420338
9 0.141590203253 0.000406364083796
10 0.140156241291 0.000438205159373
11 0.138560225039 0.000479845656825
12 0.137111745135 0.000522570456659
13 0.136130645544 0.000572278790839
14 0.135231060883 0.000639762842311
15 0.134240825553 0.000697198353226
16 0.133245804272 0.000804939050694
17 0.13253875075 0.000931548606992
18 0.132558263261 0.00117266905951
19 0.132227943468 0.00151191480498
20 0.130268396177 0.00205985058197
21 0.133123332173 0.00320871994953
22 0.126801630091 0.00385070129562
