1 0.860235132506 0.000228447943342
2 0.738565855181 0.000289335488089
3 0.618531531662 0.000389678701439
4 0.50778922612 0.00045337634009
5 0.411848301238 0.000522311822207
6 0.334002534945 0.000672357401556
7 0.27468587542 0.000809668888045
8 0.234690422251 0.000841224959102
9 0.210123064945 0.000839549331126
10 0.194457304202 0.000848564464327
11 0.183836355155 0.000882496887952
12 0.176171261291 0.000928562154991
13 0.170447232975 0.000990769795203
14 0.166078534001 0.00104726369658
15 0.162577703462 0.00112596122771
16 0.159907762624 0.00122504903405
17 0.157923163517 0.00135066077449
18 0.156160317438 0.00151839054284
19 0.154491955553 0.00172423322597
20 0.153464008974 0.00208014239035
21 0.152982834858 0.00276022806182
22 0.15556065093 0.00310255100203
