1 0.584832191489 0.000892422870778
2 0.546937414586 0.000811139915647
3 0.528941724263 0.000801617185121
4 0.520652543821 0.000717420518758
5 0.513778544717 0.000705500264067
6 0.509765229401 0.000787572708091
7 0.506452185016 0.000815250980538
8 0.505574497708 0.000761892798858
9 0.503189219674 0.000723654521874
10 0.503889301663 0.000648391905346
11 0.503851513772 0.000549890706052
12 0.502630296111 0.000630452045546
13 0.501913622213 0.000631445490536
14 0.501477091842 0.000713355701795
15 0.498801061047 0.000852220058415
16 0.500607166231 0.00131220355872
