1 0.96837367611 0.000142608909635
2 0.884041410152 0.000212046351854
3 0.809837840487 0.000240069881252
4 0.747783157152 0.000313552624534
5 0.697402122097 0.000336216028412
6 0.657311708385 0.000344542851331
7 0.626232626256 0.000361611812482
8 0.601678082501 0.000380631737033
9 0.582317580074 0.000396281371142
10 0.566913345093 0.000404027859513
11 0.554907970616 0.000381300512286
12 0.545514624738 0.000384012969839
13 0.538440594781 0.000401364303213
14 0.533349023698 0.000451369675689
15 0.529786762318 0.00054603582523
16 0.527222136094 0.000791109354969
