1 0.216043030865 0.000369058924299
2 0.196646373535 0.000305198348825
3 0.18553123742 0.000284388651516
4 0.178150133146 0.000243162971192
5 0.172829224327 0.000270986775654
6 0.168914661871 0.000262993766469
7 0.166040975695 0.000260097904678
8 0.163453919233 0.000259366977763
9 0.1616283796 0.000269375168131
10 0.16021975682 0.000290368698316
11 0.158898691055 0.000268631668684
12 0.157892484198 0.000265688769055
13 0.156615928485 0.00027406153617
14 0.155556416864 0.000288273353421
15 0.154645503897 0.000292983422513
16 0.154036173463 0.000303220512407
17 0.153474345136 0.000316071802803
18 0.153187859255 0.000337297720134
19 0.152912612433 0.000349587738301
20 0.152348659137 0.000355057189217
21 0.151830484575 0.000375207952587
22 0.151520630362 0.000383910688037
23 0.151297728135 0.000415086743361
24 0.151020959062 0.000438480606591
25 0.150879170593 0.000471064754439
26 0.150718410229 0.000508648964404
27 0.150382836882 0.000562832439214
28 0.150511183666 0.000633227800126
29 0.150630514752 0.000674709376559
30 0.150766252794 0.000741553728806
31 0.150936840946 0.00079415752472
32 0.150839505355 0.000851381182357
33 0.150561427086 0.000909845121594
34 0.150447399187 0.00096781940026
35 0.150393702648 0.00104006571821
36 0.150758692714 0.00111973865262
37 0.150951350094 0.00119255034276
38 0.151102310691 0.00128778312026
39 0.150606131461 0.00132816150004
40 0.150426966496 0.00143136743912
41 0.150151585758 0.00150772536093
42 0.150284082979 0.00166657876543
43 0.150240299955 0.00178996806179
44 0.150957694048 0.0019552924923
45 0.151788736936 0.00213122449756
46 0.152641868664 0.00236263704646
47 0.153519425891 0.00255236127161
48 0.155475739877 0.00284879476254
49 0.15556077907 0.0031818902767
50 0.156290828505 0.00347103194798
51 0.156015508419 0.00374923870701
52 0.155752475949 0.00413838322134
53 0.15586178738 0.00442713887797
54 0.154206586452 0.00469427224385
55 0.154745689827 0.00504021266545
56 0.153734444531 0.00517783342092
57 0.155049558364 0.00527357264486
58 0.157205547722 0.00525633607799
59 0.149824571312 0.00476470911151
60 0.128744034029 0.00419760293836
61 0.12993697977 0.0035341682847
62 0.134856210589 0.00280993285903
