1 0.415494291966 0.000597762056362
2 0.380856847892 0.00052167658723
3 0.36269159798 0.000475179227296
4 0.352295980925 0.00044019464394
5 0.343674613951 0.000464733436741
6 0.337624939595 0.000412616483373
7 0.332737452768 0.00038056817852
8 0.328922163761 0.000400693642178
9 0.325507930249 0.000344362890419
10 0.3233380315 0.000357813986017
11 0.321246535841 0.000354760180669
12 0.318726268341 0.000437290147114
13 0.316592494349 0.000503708372616
14 0.314711530591 0.00068042525268
15 0.310013309963 0.000964528464034
16 0.311746529817 0.00169282977188
