1 0.206418335564 0.000273961653451
2 0.187398907124 0.000230475528192
3 0.176863347768 0.000200875757421
4 0.170474235773 0.000194662806365
5 0.166150268808 0.000197839635779
6 0.162642252182 0.000213757637146
7 0.159663862935 0.000229135349908
8 0.157396460278 0.000239402496001
9 0.155440086001 0.00024926998822
10 0.153808608872 0.000263168691515
11 0.152350166854 0.000280679942152
12 0.151064466388 0.000325672600569
13 0.150372145912 0.000385571937661
14 0.149717028657 0.000491616409241
15 0.149084432222 0.000623648232629
16 0.14757503411 0.000870500193695
17 0.146665912172 0.00143069125722
18 0.144388678789 0.00252030686226
