1 0.868609672409 0.0002692685851
2 0.744830440264 0.000347193649765
3 0.622994846118 0.000407879620485
4 0.51038898723 0.000459212665213
5 0.411290244582 0.000477087319927
6 0.33430129889 0.000411146248477
7 0.28647895689 0.000348589936083
8 0.258230617659 0.000328453734955
9 0.240221057988 0.000328879416353
10 0.227810906055 0.000344676147206
11 0.218822577692 0.00036157135788
12 0.212098775533 0.000402922973849
13 0.207037136545 0.000450653483011
14 0.203153131201 0.000552168232027
15 0.20033678491 0.00073709454142
16 0.198205167816 0.00118801842506
