1 0.214734226999 0.000300976339549
2 0.194832172672 0.000253403723333
3 0.183755242664 0.000229134177829
4 0.176410694986 0.000203866876732
5 0.17136767727 0.000191109643761
6 0.167411764106 0.000197541353855
7 0.164341758479 0.000198890959424
8 0.16182365866 0.000205697842161
9 0.159820282642 0.000207916065945
10 0.158226503488 0.000219971522765
11 0.157152915971 0.000238389430947
12 0.156159934618 0.000258434411529
13 0.155255437724 0.000275783152198
14 0.154432541685 0.000288442307072
15 0.153794626699 0.000305820596508
16 0.153238707624 0.000331738255626
17 0.152612743776 0.000360331767105
18 0.152256780968 0.000388184950832
19 0.152101578111 0.000433090377635
20 0.15170304942 0.000486598327408
21 0.151304394014 0.00056893758632
22 0.150873180725 0.000689448390964
23 0.150692837976 0.000942482642978
24 0.149264078836 0.00135412158212
25 0.14979285692 0.00201828850567
26 0.15648031117 0.0026621109959
