1 0.864189610032 0.000259522701948
2 0.740824414169 0.000374119319633
3 0.621295647844 0.000466041551425
4 0.513183198513 0.000479172951209
5 0.422350438443 0.00046691327437
6 0.351666085678 0.000457510812456
7 0.299079079831 0.000455338864835
8 0.260754535963 0.000469039917433
9 0.233283181129 0.000476587876286
10 0.214163902427 0.000477418564814
11 0.200889794778 0.000467427176958
12 0.191462237758 0.000463642006747
13 0.184606628085 0.000451569535219
14 0.179431075431 0.000456370918775
15 0.175416884576 0.000462016194939
16 0.172302023701 0.000479445956134
17 0.169839356424 0.000507405987332
18 0.167847088661 0.000552027692398
19 0.166238705009 0.000605375039061
20 0.165008105579 0.000683570119386
21 0.164069331807 0.000780084388758
22 0.163381629988 0.000899790695284
23 0.162955271543 0.00107814833467
24 0.16309523314 0.00138317741607
25 0.164070959279 0.00194622468659
26 0.169882484553 0.00219403865803
