1 0.866983321125 0.000273761462454
2 0.745876254641 0.00034054573146
3 0.626242976332 0.000444718588953
4 0.514203220932 0.000506025978295
5 0.413070718827 0.000511539813229
6 0.332428786347 0.000482810188588
7 0.282289998485 0.000409905399423
8 0.252860862283 0.00038227753519
9 0.234071546729 0.000389478799446
10 0.22104584736 0.000407611941692
11 0.211571806283 0.00043855778773
12 0.204481403985 0.000480051632985
13 0.199155555642 0.00055590701548
14 0.195095774025 0.0007214464053
15 0.192169108433 0.00104914934647
16 0.189856713196 0.00169886412871
