1 0.201379053842 0.000284506903659
2 0.182348036493 0.000222605335868
3 0.171795360267 0.000205475592496
4 0.164988870855 0.000184678036619
5 0.159763983106 0.0001895823523
6 0.155808159089 0.000203243589947
7 0.152622435911 0.000231415901184
8 0.150024918256 0.000255807869278
9 0.147976298308 0.000277954046546
10 0.14646528444 0.000309284351999
11 0.145179648319 0.000368421453794
12 0.143381677116 0.000415944103529
13 0.141648794391 0.00059661513361
14 0.139596434363 0.000888625663351
15 0.134437289564 0.00145281246675
16 0.136015934394 0.00274784114098
