1 0.203799902674 0.000337814602553
2 0.182383230261 0.000292935458644
3 0.169829671417 0.000290966486043
4 0.161940128956 0.000289471702997
5 0.156128899993 0.000302002015895
6 0.151603729469 0.000323636760198
7 0.148194594741 0.000348615939126
8 0.145229499399 0.000375281430364
9 0.142917630415 0.000413003032149
10 0.140895332895 0.000451856839534
11 0.139098995343 0.000478583288882
12 0.137584797422 0.000528809746407
13 0.136070425939 0.000568179983455
14 0.134896068957 0.000616853166785
15 0.134133200846 0.000669152309265
16 0.133748180124 0.000727543727604
17 0.133186583911 0.000786132813051
18 0.132879529478 0.000864769983002
19 0.132490543292 0.000951770883616
20 0.132093887615 0.00105298827932
21 0.132095693013 0.00117199372189
22 0.13244851881 0.00131261068131
23 0.132714074937 0.0014832161336
24 0.132900156966 0.00166511127705
25 0.132146787355 0.00196546719504
26 0.132046432573 0.00228685646279
27 0.133901514697 0.00289937273115
28 0.135650736205 0.00386810561156
29 0.143246418697 0.00442613789481
30 0.139592748659 0.00380331663716
