1 0.406628884405 0.000689973214814
2 0.377004005329 0.00057687769523
3 0.362136976218 0.000501371989713
4 0.352882475882 0.000512502322504
5 0.346893696085 0.000525721792772
6 0.342920473501 0.000542139800699
7 0.340743721571 0.000548661104203
8 0.337695414923 0.000507757907278
9 0.336494236626 0.000562265576948
10 0.336048128768 0.000582591833465
11 0.335320424967 0.000511238923104
12 0.335961571156 0.000561864220009
13 0.334700362491 0.000525697629066
14 0.33361057197 0.000613113332866
15 0.332476634777 0.000550356180651
16 0.332471622108 0.000512924822173
17 0.331822947394 0.000590116557479
18 0.332388223434 0.000576793749085
19 0.333691375103 0.000537640833089
20 0.332870380035 0.00059100877091
21 0.332168119201 0.000558786575736
22 0.331879223603 0.000608896058406
23 0.331466296075 0.000689140016865
24 0.330428259152 0.000684701775372
25 0.33039964229 0.000691670537667
26 0.330104616947 0.000731505228986
27 0.328985827497 0.000782243585273
28 0.328557800134 0.000778708469842
29 0.328783377666 0.000833526596578
30 0.330184216324 0.000795477063629
31 0.331198288477 0.000764107369487
32 0.329408862096 0.000802096134338
33 0.328945818492 0.000851278996038
34 0.329217277168 0.000879878203644
35 0.32703909802 0.000900893459146
36 0.327294767035 0.000861317653932
37 0.328134026905 0.000955510531719
38 0.33009782437 0.00100721046595
39 0.330851463658 0.00111895423558
40 0.332235940265 0.00127738010866
41 0.331652430403 0.0012650083976
42 0.331191860084 0.00142537436965
43 0.329537628942 0.00137320228048
44 0.328715771774 0.00127167117896
45 0.325555697335 0.00122498796797
46 0.325298323696 0.00124739285544
47 0.325231306573 0.00140900061513
48 0.325636621681 0.00153592627414
49 0.325798884344 0.00165574489436
50 0.330990106041 0.00182777705276
51 0.33032660699 0.00192858790216
52 0.329569119258 0.00209814293782
53 0.328485841095 0.00202857216388
54 0.328329415202 0.00201511001248
55 0.330023093143 0.00220409434603
56 0.329614483305 0.00222008767361
57 0.330367918943 0.00240548550737
58 0.33259895908 0.00263605182913
59 0.336509048147 0.00284870036944
60 0.331600542788 0.00320692362984
61 0.329037162232 0.00311374098572
62 0.330684593243 0.00254154201999
