1 0.860091819332 0.000226010228888
2 0.738409117248 0.00032769255456
3 0.619138919993 0.000398005018493
4 0.509993036498 0.000437023104241
5 0.417056503549 0.000479221391142
6 0.344040468341 0.000493086894228
7 0.290529862855 0.000496116895151
8 0.252538561026 0.000500012159169
9 0.225341796683 0.000525705481555
10 0.205516068649 0.00055944407988
11 0.190725209554 0.000593509999646
12 0.179428588023 0.000616329899685
13 0.170592086678 0.000653245645449
14 0.163577607991 0.000711608768797
15 0.157932780188 0.000785026574413
16 0.153368652209 0.000886767492626
17 0.14962888271 0.000955968870391
18 0.146432150624 0.00106394339531
19 0.143750743671 0.00116328495222
20 0.141491736451 0.00128295727769
21 0.139520484523 0.00140088067153
22 0.137891817644 0.0015463265898
23 0.136504802428 0.00169550959087
24 0.135322156945 0.00185022144349
25 0.134401270839 0.00206610867465
26 0.133586908956 0.00230116879335
27 0.132921062689 0.00255494559104
28 0.13236220595 0.00282566200575
29 0.131835736706 0.00325694264251
30 0.131433225795 0.00361016195247
31 0.131262933533 0.00409435872918
32 0.131145842284 0.00459556771602
33 0.131325430114 0.0050921731012
34 0.131612710359 0.00578183604323
35 0.131939888657 0.00642275637672
36 0.13229640631 0.00722535507215
37 0.132896226803 0.00812447993098
38 0.133636766625 0.00890365207926
39 0.134644991704 0.0100079691174
40 0.135710745286 0.0110278711141
41 0.136846953023 0.0119348194431
42 0.139087757744 0.0131276682742
43 0.142013236589 0.0140313743022
44 0.145611495282 0.0152316370686
45 0.149959558755 0.0161121725021
46 0.154233110316 0.0171868052663
47 0.158507199495 0.0180243077813
48 0.162603965316 0.0185377277674
49 0.169097545465 0.0194516527281
50 0.174934050383 0.0200941484642
51 0.180548103228 0.0205462409664
52 0.199128375015 0.065526248909
53 0.220477895044 0.0901859086939
54 0.232425209528 0.0847313999351
55 0.248528417479 0.0867975013646
56 0.264814771322 0.101011122491
57 0.271000332944 0.0853853447763
58 0.278658719149 0.101274335375
59 0.284462954346 0.100625972755
60 0.279433303651 0.100551690393
61 0.270609080987 0.0976931422615
62 0.26840670788 0.111897329461
