1 0.968455283164 0.000153840285667
2 0.883337502739 0.000226141386075
3 0.8091332807 0.000210415893812
4 0.747152577427 0.000262639127221
5 0.696590627817 0.000309128240671
6 0.656690459023 0.000331093674257
7 0.625777539252 0.000366774666735
8 0.601929278259 0.000402087243647
9 0.583603621888 0.000422136455585
10 0.569492992309 0.000420338494462
11 0.558408537123 0.000423708942705
12 0.549634751851 0.000435177639149
13 0.543052561219 0.000444385767788
14 0.537639178243 0.00046843402466
15 0.532838359061 0.000483220356544
16 0.52891692099 0.000497374484101
17 0.525830632664 0.000515705945191
18 0.523203695967 0.000512912178906
19 0.520753393141 0.000497061068816
20 0.518630946287 0.000484224544115
21 0.516826487566 0.000468563615486
22 0.51536703443 0.000454099338306
23 0.514245994304 0.000460115866584
24 0.51348068229 0.000507549973205
25 0.512960383247 0.000643694587084
26 0.512884145364 0.000937565445552
