1 0.93032803674 0.000189991366359
2 0.831522995504 0.000226736874055
3 0.741076863999 0.000275260063037
4 0.661344997563 0.0003168980226
5 0.594625910647 0.000360646973997
6 0.540796826785 0.0003379117676
7 0.499005587609 0.000337544449092
8 0.466794910658 0.000341188873135
9 0.441502369781 0.000329556347657
10 0.421950131506 0.000319936952682
11 0.40712841117 0.000309253302748
12 0.395843669084 0.000311170897809
13 0.387441223694 0.00030446564453
14 0.381319746638 0.000321728065062
15 0.376988468211 0.000365696933808
16 0.374146423479 0.000449904036783
17 0.372711817731 0.000597013837338
18 0.372807118968 0.000927478415605
