1 0.968211325096 0.000144457559949
2 0.883825815002 0.000181656234318
3 0.809770829894 0.000207300561558
4 0.747711168227 0.000230553253724
5 0.697384155315 0.000262110357594
6 0.657995917095 0.000308274888953
7 0.627421387295 0.000345116606073
8 0.603362731506 0.000380387452675
9 0.58505728766 0.000414333983801
10 0.570861377845 0.000444458422929
11 0.559783178934 0.000459746940572
12 0.550878259107 0.000476617466669
13 0.543757309456 0.000493988878506
14 0.53788808496 0.000511321921216
15 0.532785802456 0.000531389953903
16 0.528479569131 0.000538931897461
17 0.525089882322 0.000539448818667
18 0.522467297215 0.000530823756668
19 0.520313483377 0.000542608134778
20 0.518735618717 0.000583542805155
21 0.517806170768 0.000708480650794
22 0.517197060989 0.00101569200768
