1 0.930032129247 0.000189671060083
2 0.833209920494 0.000266097056074
3 0.743759040942 0.000299612131418
4 0.665119023681 0.000317314500469
5 0.598422548484 0.000316834433885
6 0.543542809131 0.000309892348192
7 0.500142934745 0.000330144743712
8 0.466755562259 0.000374301767384
9 0.440973413347 0.000385678418649
10 0.420904212302 0.000402703816537
11 0.405229951931 0.000406173787151
12 0.392782244454 0.000410543983628
13 0.38275984267 0.000423785383001
14 0.374597944371 0.000427967855711
15 0.367873411919 0.000429140069095
16 0.362273204386 0.000434437651006
17 0.357801588286 0.00044711359313
18 0.354079971034 0.000451475207132
19 0.350959276883 0.000462618364308
20 0.34832369831 0.000474340975702
21 0.345965528682 0.000483785702832
22 0.343927500967 0.000498123776395
23 0.342087572993 0.000506798143834
24 0.340415434797 0.00052535306033
25 0.338997100047 0.000534094033713
26 0.337883948641 0.000551035117403
27 0.337154610655 0.00057060961324
28 0.336639908824 0.000604666173437
29 0.336169041133 0.000640233871146
30 0.335566646877 0.000671650508071
31 0.334760733121 0.000686927581665
32 0.334160830887 0.000721435270386
33 0.333788045656 0.000770496636731
34 0.333352301214 0.000804997100227
35 0.332864907511 0.000844569801083
36 0.332439584501 0.000900105436704
37 0.331958109675 0.000959318996913
38 0.331376309839 0.00099314653833
39 0.330742102322 0.00102690124717
40 0.330268936451 0.00109710126526
41 0.329900884709 0.00114177771048
42 0.32973252689 0.0011922395327
43 0.329789087029 0.00125787296998
44 0.329759541471 0.00132383135523
45 0.329454486401 0.00136874557408
46 0.329580124035 0.00145032098792
47 0.329621918011 0.00151762797233
48 0.329513562337 0.0015702379283
49 0.329326933827 0.00160022680321
50 0.329466345353 0.00166363950462
51 0.329377463611 0.00172596018375
52 0.329269870164 0.00175032637712
53 0.328954657306 0.00180541690741
54 0.328994618105 0.00189446985493
55 0.329278096381 0.00204451933859
56 0.329839874094 0.00219154126748
57 0.329869876234 0.00240199707181
58 0.32866034182 0.00256038826417
59 0.326937716375 0.00284366462384
60 0.325282242206 0.00300675179593
61 0.32539886119 0.00280231061665
62 0.332360434334 0.00189452561152
