1 0.417094967228 0.000565146870003
2 0.386781222108 0.00053967432988
3 0.370977864282 0.000462277993365
4 0.36300763525 0.000402535144742
5 0.35810518395 0.000410861237653
6 0.3540520173 0.000427944527863
7 0.352337743065 0.00043779910189
8 0.350458275183 0.000436767112584
9 0.349485793529 0.000417946901438
10 0.34848591848 0.000400681754886
11 0.347452563937 0.000394105337082
12 0.347813855818 0.000434240085116
13 0.34658500728 0.00041688004471
14 0.344684878552 0.000401893780706
15 0.343852315768 0.000409255201881
16 0.34457243878 0.000460535695614
17 0.344257130256 0.00042156789943
18 0.344582147534 0.000412285562206
19 0.344279455501 0.000440635388395
20 0.343994880659 0.000408510459603
21 0.344141267252 0.000406480828404
22 0.344293929802 0.000376204288016
23 0.344532631784 0.000376125936316
24 0.344724334495 0.000361857526498
25 0.343170979863 0.000368504671617
26 0.343043576986 0.000435362270552
27 0.343460090714 0.000509068657892
28 0.343246317967 0.000649707548201
29 0.341788385289 0.000935754580113
30 0.342699403009 0.00144200134864
