1 0.212780031101 0.000290792439549
2 0.192397212288 0.000218222935273
3 0.181402398448 0.000202799855465
4 0.174199216372 0.000208880099388
5 0.169290740705 0.000200634769947
6 0.165437123731 0.000198493140433
7 0.162502072166 0.00020185906917
8 0.160342196173 0.000210256639106
9 0.158770096379 0.000222922052322
10 0.157586023746 0.000231996066301
11 0.156208190268 0.000250940909843
12 0.154969938369 0.000270312205118
13 0.154085794984 0.000286607936194
14 0.153227774456 0.00031457446419
15 0.152525108684 0.000352221984112
16 0.151597578456 0.000396802211054
17 0.150927434586 0.000465926160288
18 0.150849403918 0.000544113261965
19 0.150384209539 0.000723111619576
20 0.149366652495 0.000988713541064
21 0.149983923077 0.00150504029715
22 0.150039554356 0.00259638689998
